 dotnet run --project samples/ThreeDSample
INFO: Initializing raylib 6.0
INFO: Platform backend: DESKTOP (GLFW)
INFO: Supported raylib modules:
INFO:     > rcore:..... loaded (mandatory)
INFO:     > rlgl:...... loaded (mandatory)
INFO:     > rshapes:... loaded (optional)
INFO:     > rtextures:. loaded (optional)
INFO:     > rtext:..... loaded (optional)
INFO:     > rmodels:... loaded (optional)
INFO:     > raudio:.... loaded (optional)
INFO: DISPLAY: Device initialized successfully
INFO:     > Display size: 1920 x 1080
INFO:     > Screen size:  1280 x 720
INFO:     > Render size:  1280 x 720
INFO:     > Viewport offsets: 0, 0
INFO: GLAD: OpenGL extensions loaded successfully
INFO: GL: Supported extensions count: 296
INFO: GL: OpenGL device information:
INFO:     > Vendor:   ATI Technologies Inc.
INFO:     > Renderer: AMD Radeon(TM) Graphics
INFO:     > Version:  3.3.0 Core Profile Context 26.5.2.260506
INFO:     > GLSL:     4.60
INFO: GL: VAO extension detected, VAO functions loaded successfully
INFO: GL: NPOT textures extension detected, full NPOT textures supported
INFO: GL: DXT compressed textures supported
INFO: GL: ETC2/EAC compressed textures supported
INFO: PLATFORM: DESKTOP (GLFW - Win32): Initialized successfully
INFO: TEXTURE: [ID 1] Texture loaded successfully (1x1 | R8G8B8A8 | 1 mipmaps)
INFO: TEXTURE: [ID 1] Default texture loaded successfully
INFO: SHADER: [ID 1] Vertex shader compiled successfully
INFO: SHADER: [ID 2] Fragment shader compiled successfully
INFO: SHADER: [ID 3] Program shader loaded successfully
INFO: SHADER: [ID 3] Default shader loaded successfully
INFO: RLGL: Render batch vertex buffers loaded successfully in RAM (CPU)
INFO: RLGL: Render batch vertex buffers loaded successfully in VRAM (GPU)
INFO: RLGL: Default OpenGL state initialized successfully
INFO: TEXTURE: [ID 2] Texture loaded successfully (128x128 | GRAY_ALPHA | 1 mipmaps)
INFO: FONT: Default font loaded successfully (224 glyphs)
INFO: SYSTEM: Working Directory: E:\Mibo.Raylib
INFO: AUDIO: Device initialized successfully
INFO:     > Backend:       miniaudio | WASAPI
INFO:     > Format:        32-bit IEEE Floating Point -> 32-bit IEEE Floating Point
INFO:     > Channels:      2 -> 2
INFO:     > Sample rate:   48000 -> 48000
INFO:     > Periods size:  1440
INFO: TIMER: Target time per frame: 16.667 milliseconds
INFO: SHADER: [ID 4] Vertex shader compiled successfully
INFO: SHADER: [ID 5] Fragment shader compiled successfully
INFO: SHADER: [ID 6] Program shader loaded successfully
INFO: SHADER: [ID 4] Vertex shader compiled successfully
INFO: SHADER: [ID 5] Fragment shader compiled successfully
INFO: SHADER: [ID 7] Program shader loaded successfully
INFO: SHADER: [ID 4] Vertex shader compiled successfully
INFO: SHADER: [ID 5] Fragment shader compiled successfully
INFO: SHADER: [ID 8] Program shader loaded successfully
INFO: TEXTURE: [ID 3] Texture loaded successfully (2048x2048 | R32G32B32A32 | 1 mipmaps)
INFO: TEXTURE: [ID 1] Depth renderbuffer loaded successfully (32 bits)
INFO: FILEIO: [E:\Mibo.Raylib\samples\ThreeDSample\bin\Debug\net10.0\assets/kenney_platformer-kit/Models/block-grass.glb] File loaded successfully
INFO: MODEL: [E:\Mibo.Raylib\samples\ThreeDSample\bin\Debug\net10.0\assets/kenney_platformer-kit/Models/block-grass.glb] Model basic data (glb) loaded successfully
INFO:     > Meshes count: 1
INFO:     > Materials count: 1 (+1 default)
INFO: FILEIO: [E:\Mibo.Raylib\samples\ThreeDSample\bin\Debug\net10.0\assets/kenney_platformer-kit/Models/Textures/colormap.png] File loaded successfully
INFO: IMAGE: Data loaded successfully (512x512 | R8G8B8A8 | 1 mipmaps)
INFO: TEXTURE: [ID 4] Texture loaded successfully (512x512 | R8G8B8A8 | 1 mipmaps)
INFO: VAO: [ID 2] Mesh uploaded successfully to VRAM (GPU)
INFO: FILEIO: [E:\Mibo.Raylib\samples\ThreeDSample\bin\Debug\net10.0\assets/kenney_platformer-kit/Models/flag.glb] File loaded successfully
INFO: MODEL: [E:\Mibo.Raylib\samples\ThreeDSample\bin\Debug\net10.0\assets/kenney_platformer-kit/Models/flag.glb] Model basic data (glb) loaded successfully
INFO:     > Meshes count: 1
INFO:     > Materials count: 1 (+1 default)
INFO: FILEIO: [E:\Mibo.Raylib\samples\ThreeDSample\bin\Debug\net10.0\assets/kenney_platformer-kit/Models/Textures/colormap.png] File loaded successfully
INFO: IMAGE: Data loaded successfully (512x512 | R8G8B8A8 | 1 mipmaps)
INFO: TEXTURE: [ID 5] Texture loaded successfully (512x512 | R8G8B8A8 | 1 mipmaps)
INFO: VAO: [ID 3] Mesh uploaded successfully to VRAM (GPU)
INFO: FILEIO: [E:\Mibo.Raylib\samples\ThreeDSample\bin\Debug\net10.0\assets/kenney_platformer-kit/Models/grass.glb] File loaded successfully
INFO: MODEL: [E:\Mibo.Raylib\samples\ThreeDSample\bin\Debug\net10.0\assets/kenney_platformer-kit/Models/grass.glb] Model basic data (glb) loaded successfully
INFO:     > Meshes count: 1
INFO:     > Materials count: 1 (+1 default)
INFO: FILEIO: [E:\Mibo.Raylib\samples\ThreeDSample\bin\Debug\net10.0\assets/kenney_platformer-kit/Models/Textures/colormap.png] File loaded successfully
INFO: IMAGE: Data loaded successfully (512x512 | R8G8B8A8 | 1 mipmaps)
INFO: TEXTURE: [ID 6] Texture loaded successfully (512x512 | R8G8B8A8 | 1 mipmaps)
INFO: VAO: [ID 4] Mesh uploaded successfully to VRAM (GPU)
INFO: FILEIO: [E:\Mibo.Raylib\samples\ThreeDSample\bin\Debug\net10.0\assets/kenney_platformer-kit/Models/platform.glb] File loaded successfully
INFO: MODEL: [E:\Mibo.Raylib\samples\ThreeDSample\bin\Debug\net10.0\assets/kenney_platformer-kit/Models/platform.glb] Model basic data (glb) loaded successfully
INFO:     > Meshes count: 1
INFO:     > Materials count: 1 (+1 default)
INFO: FILEIO: [E:\Mibo.Raylib\samples\ThreeDSample\bin\Debug\net10.0\assets/kenney_platformer-kit/Models/Textures/colormap.png] File loaded successfully
INFO: IMAGE: Data loaded successfully (512x512 | R8G8B8A8 | 1 mipmaps)
INFO: TEXTURE: [ID 7] Texture loaded successfully (512x512 | R8G8B8A8 | 1 mipmaps)
INFO: VAO: [ID 5] Mesh uploaded successfully to VRAM (GPU)
INFO: FILEIO: [E:\Mibo.Raylib\samples\ThreeDSample\bin\Debug\net10.0\assets/kenney_platformer-kit/Models/block-snow.glb] File loaded successfully
INFO: MODEL: [E:\Mibo.Raylib\samples\ThreeDSample\bin\Debug\net10.0\assets/kenney_platformer-kit/Models/block-snow.glb] Model basic data (glb) loaded successfully
INFO:     > Meshes count: 1
INFO:     > Materials count: 1 (+1 default)
INFO: FILEIO: [E:\Mibo.Raylib\samples\ThreeDSample\bin\Debug\net10.0\assets/kenney_platformer-kit/Models/Textures/colormap.png] File loaded successfully
INFO: IMAGE: Data loaded successfully (512x512 | R8G8B8A8 | 1 mipmaps)
INFO: TEXTURE: [ID 8] Texture loaded successfully (512x512 | R8G8B8A8 | 1 mipmaps)
INFO: VAO: [ID 6] Mesh uploaded successfully to VRAM (GPU)
INFO: FILEIO: [E:\Mibo.Raylib\samples\ThreeDSample\bin\Debug\net10.0\assets/kenney_platformer-kit/Models/coin-gold.glb] File loaded successfully
INFO: MODEL: [E:\Mibo.Raylib\samples\ThreeDSample\bin\Debug\net10.0\assets/kenney_platformer-kit/Models/coin-gold.glb] Model basic data (glb) loaded successfully
INFO:     > Meshes count: 1
INFO:     > Materials count: 1 (+1 default)
INFO: FILEIO: [E:\Mibo.Raylib\samples\ThreeDSample\bin\Debug\net10.0\assets/kenney_platformer-kit/Models/Textures/colormap.png] File loaded successfully
INFO: IMAGE: Data loaded successfully (512x512 | R8G8B8A8 | 1 mipmaps)
INFO: TEXTURE: [ID 9] Texture loaded successfully (512x512 | R8G8B8A8 | 1 mipmaps)
INFO: VAO: [ID 7] Mesh uploaded successfully to VRAM (GPU)
INFO: FILEIO: [E:\Mibo.Raylib\samples\ThreeDSample\bin\Debug\net10.0\assets/kenney_platformer-kit/Models/mushrooms.glb] File loaded successfully
INFO: MODEL: [E:\Mibo.Raylib\samples\ThreeDSample\bin\Debug\net10.0\assets/kenney_platformer-kit/Models/mushrooms.glb] Model basic data (glb) loaded successfully
INFO:     > Meshes count: 1
INFO:     > Materials count: 1 (+1 default)
INFO: FILEIO: [E:\Mibo.Raylib\samples\ThreeDSample\bin\Debug\net10.0\assets/kenney_platformer-kit/Models/Textures/colormap.png] File loaded successfully
INFO: IMAGE: Data loaded successfully (512x512 | R8G8B8A8 | 1 mipmaps)
INFO: TEXTURE: [ID 10] Texture loaded successfully (512x512 | R8G8B8A8 | 1 mipmaps)
INFO: VAO: [ID 8] Mesh uploaded successfully to VRAM (GPU)
INFO: FILEIO: [E:\Mibo.Raylib\samples\ThreeDSample\bin\Debug\net10.0\assets/kenney_platformer-kit/Models/spike-block.glb] File loaded successfully
INFO: MODEL: [E:\Mibo.Raylib\samples\ThreeDSample\bin\Debug\net10.0\assets/kenney_platformer-kit/Models/spike-block.glb] Model basic data (glb) loaded successfully
INFO:     > Meshes count: 1
INFO:     > Materials count: 1 (+1 default)
INFO: FILEIO: [E:\Mibo.Raylib\samples\ThreeDSample\bin\Debug\net10.0\assets/kenney_platformer-kit/Models/Textures/colormap.png] File loaded successfully
INFO: IMAGE: Data loaded successfully (512x512 | R8G8B8A8 | 1 mipmaps)
INFO: TEXTURE: [ID 11] Texture loaded successfully (512x512 | R8G8B8A8 | 1 mipmaps)
INFO: VAO: [ID 9] Mesh uploaded successfully to VRAM (GPU)
INFO: FILEIO: [E:\Mibo.Raylib\samples\ThreeDSample\bin\Debug\net10.0\assets/kenney_platformer-kit/Models/tree-snow.glb] File loaded successfully
INFO: MODEL: [E:\Mibo.Raylib\samples\ThreeDSample\bin\Debug\net10.0\assets/kenney_platformer-kit/Models/tree-snow.glb] Model basic data (glb) loaded successfully
INFO:     > Meshes count: 1
INFO:     > Materials count: 1 (+1 default)
INFO: FILEIO: [E:\Mibo.Raylib\samples\ThreeDSample\bin\Debug\net10.0\assets/kenney_platformer-kit/Models/Textures/colormap.png] File loaded successfully
INFO: IMAGE: Data loaded successfully (512x512 | R8G8B8A8 | 1 mipmaps)
INFO: TEXTURE: [ID 12] Texture loaded successfully (512x512 | R8G8B8A8 | 1 mipmaps)
INFO: VAO: [ID 10] Mesh uploaded successfully to VRAM (GPU)
INFO: FILEIO: [E:\Mibo.Raylib\samples\ThreeDSample\bin\Debug\net10.0\assets/kenney_platformer-kit/Models/character-oobi.glb] File loaded successfully
INFO: MODEL: [E:\Mibo.Raylib\samples\ThreeDSample\bin\Debug\net10.0\assets/kenney_platformer-kit/Models/character-oobi.glb] Model basic data (glb) loaded successfully
INFO:     > Meshes count: 1
INFO:     > Materials count: 1 (+1 default)
INFO: FILEIO: [E:\Mibo.Raylib\samples\ThreeDSample\bin\Debug\net10.0\assets/kenney_platformer-kit/Models/Textures/colormap.png] File loaded successfully
INFO: IMAGE: Data loaded successfully (512x512 | R8G8B8A8 | 1 mipmaps)
INFO: TEXTURE: [ID 13] Texture loaded successfully (512x512 | R8G8B8A8 | 1 mipmaps)
INFO: VAO: [ID 11] Mesh uploaded successfully to VRAM (GPU)
===== SHADOW MATRIX DIAGNOSTICS =====
lightPos : <-13.399962, 104.61613, -13.399962>
center   : <-13.399962, 4.616126, -13.399962>
halfExtent: 105.8635
manualView (Raymath.LookAt):
  M11..M14: -1.0f 0.0f 0.0f -13.39996243f
  M21..M24: 0.0f 0.0f 1.0f 13.39996243f
  M31..M34: 0.0f 1.0f 0.0f -104.616127f
  M41..M44: 0.0f 0.0f 0.0f 1.0f
manualProj (Raymath.Ortho):
  M11..M14: 0.009446125478f 0.0f 0.0f 0.0f
  M21..M24: 0.0f 0.009446125478f 0.0f 0.0f
  M31..M34: 0.0f 0.0f -0.0100004999f -1.000099897f
  M41..M44: 0.0f 0.0f 0.0f 1.0f
manualLightViewProj (forward-pass matrix):
  M11..M14: -0.009446125478f 0.0f 0.0f -0.12657772f
  M21..M24: 0.0f 0.0f 0.009446125478f 0.12657772f
  M31..M34: 0.0f 0.0100004999f 0.0f 0.04611372948f
  M41..M44: 0.0f 0.0f 0.0f 1.0f
--- TEST POINT TRACE (center) ---
world    : <-13.399962, 4.616126, -13.399962>
clip     : <0.12657772, -0.13400632, 0.043604504, 2.6625133>
ndc      : <0.04754069, -0.05033076, 0.016377198, 1>
uv+depth : x=0.5238 y=0.4748 z=0.5082
--- TEST POINT TRACE (center at far) ---
clip     : <0.7870195, -0.8332081, -0.097556636, 6.396735>
ndc      : <0.12303456, -0.1302552, -0.015251004, 1>
uv+depth : x=0.5615 y=0.4349 z=0.4924
========================================

===== SHADOW MATRIX DIAGNOSTICS =====
lightPos : <-13.399962, 103.25675, -13.399962>
center   : <-13.399962, 3.2567549, -13.399962>
halfExtent: 105.8635
manualView (Raymath.LookAt):
  M11..M14: -1.0f 0.0f 0.0f -13.39996243f
  M21..M24: 0.0f 0.0f 1.0f 13.39996243f
  M31..M34: 0.0f 1.0f 0.0f -103.256752f
  M41..M44: 0.0f 0.0f 0.0f 1.0f
manualProj (Raymath.Ortho):
  M11..M14: 0.009446125478f 0.0f 0.0f 0.0f
  M21..M24: 0.0f 0.009446125478f 0.0f 0.0f
  M31..M34: 0.0f 0.0f -0.0100004999f -1.000099897f
  M41..M44: 0.0f 0.0f 0.0f 1.0f
manualLightViewProj (forward-pass matrix):
  M11..M14: -0.009446125478f 0.0f 0.0f -0.12657772f
  M21..M24: 0.0f 0.0f 0.009446125478f 0.12657772f
  M31..M34: 0.0f 0.0100004999f 0.0f 0.03251922131f
  M41..M44: 0.0f 0.0f 0.0f 1.0f
--- TEST POINT TRACE (center) ---
world    : <-13.399962, 3.2567549, -13.399962>
clip     : <0.12657772, -0.13400632, 0.030763716, 2.6726131>
ndc      : <0.047361035, -0.05014056, 0.011510725, 1>
uv+depth : x=0.5237 y=0.4749 z=0.5058
--- TEST POINT TRACE (center at far) ---
clip     : <0.7870195, -0.8332081, -0.11039743, 7.357317>
ndc      : <0.10697099, -0.11324891, -0.015005121, 1>
uv+depth : x=0.5535 y=0.4434 z=0.4925
========================================

===== SHADOW MATRIX DIAGNOSTICS =====
lightPos : <-13.146572, 103.21126, -13.652628>
center   : <-13.146572, 3.2112598, -13.652628>
halfExtent: 106.0756
manualView (Raymath.LookAt):
  M11..M14: -1.0f 0.0f 0.0f -13.14657211f
  M21..M24: 0.0f 0.0f 1.0f 13.65262794f
  M31..M34: 0.0f 1.0f 0.0f -103.2112579f
  M41..M44: 0.0f 0.0f 0.0f 1.0f
manualProj (Raymath.Ortho):
  M11..M14: 0.00942724105f 0.0f 0.0f 0.0f
  M21..M24: 0.0f 0.00942724105f 0.0f 0.0f
  M31..M34: 0.0f 0.0f -0.0100004999f -1.000099897f
  M41..M44: 0.0f 0.0f 0.0f 1.0f
manualLightViewProj (forward-pass matrix):
  M11..M14: -0.00942724105f 0.0f 0.0f -0.1239359006f
  M21..M24: 0.0f 0.0f 0.00942724105f 0.1287066191f
  M31..M34: 0.0f 0.0100004999f 0.0f 0.03206431866f
  M41..M44: 0.0f 0.0f 0.0f 1.0f
--- TEST POINT TRACE (center) ---
world    : <-13.146572, 3.2112598, -13.652628>
clip     : <0.1239359, -0.13653311, 0.03027332, 2.6048803>
ndc      : <0.047578346, -0.05241435, 0.01162177, 1>
uv+depth : x=0.5238 y=0.4738 z=0.5058
--- TEST POINT TRACE (center at far) ---
clip     : <0.7773581, -0.841724, -0.1106265, 7.0104556>
ndc      : <0.11088553, -0.12006694, -0.015780214, 1>
uv+depth : x=0.5554 y=0.4400 z=0.4921
========================================

===== SHADOW MATRIX DIAGNOSTICS =====
lightPos : <-12.773063, 103.157166, -14.018531>
center   : <-12.773063, 3.1571617, -14.018531>
halfExtent: 106.3719
manualView (Raymath.LookAt):
  M11..M14: -1.0f 0.0f 0.0f -12.77306271f
  M21..M24: 0.0f 0.0f 1.0f 14.01853085f
  M31..M34: 0.0f 1.0f 0.0f -103.1571655f
  M41..M44: 0.0f 0.0f 0.0f 1.0f
manualProj (Raymath.Ortho):
  M11..M14: 0.00940098241f 0.0f 0.0f 0.0f
  M21..M24: 0.0f 0.00940098241f 0.0f 0.0f
  M31..M34: 0.0f 0.0f -0.0100004999f -1.000099897f
  M41..M44: 0.0f 0.0f 0.0f 1.0f
manualLightViewProj (forward-pass matrix):
  M11..M14: -0.00940098241f 0.0f 0.0f -0.1200793386f
  M21..M24: 0.0f 0.0f 0.00940098241f 0.1317879558f
  M31..M34: 0.0f 0.0100004999f 0.0f 0.0315233469f
  M41..M44: 0.0f 0.0f 0.0f 1.0f
--- TEST POINT TRACE (center) ---
world    : <-12.773063, 3.1571617, -14.018531>
clip     : <0.12007934, -0.14019231, 0.029680422, 2.507946>
ndc      : <0.047879554, -0.055899255, 0.011834553, 1>
uv+depth : x=0.5239 y=0.4721 z=0.5059
--- TEST POINT TRACE (center at far) ---
clip     : <0.763289, -0.854038, -0.110875554, 6.5031457>
ndc      : <0.11737227, -0.1313269, -0.017049527, 1>
uv+depth : x=0.5587 y=0.4343 z=0.4915
========================================

INFO: FILEIO: [E:\Mibo.Raylib\samples\ThreeDSample\bin\Debug\net10.0\assets/kenney_platformer-kit/Models/tree-pine.glb] File loaded successfully
INFO: MODEL: [E:\Mibo.Raylib\samples\ThreeDSample\bin\Debug\net10.0\assets/kenney_platformer-kit/Models/tree-pine.glb] Model basic data (glb) loaded successfully
INFO:     > Meshes count: 1
INFO:     > Materials count: 1 (+1 default)
INFO: FILEIO: [E:\Mibo.Raylib\samples\ThreeDSample\bin\Debug\net10.0\assets/kenney_platformer-kit/Models/Textures/colormap.png] File loaded successfully
INFO: IMAGE: Data loaded successfully (512x512 | R8G8B8A8 | 1 mipmaps)
INFO: TEXTURE: [ID 14] Texture loaded successfully (512x512 | R8G8B8A8 | 1 mipmaps)
INFO: VAO: [ID 12] Mesh uploaded successfully to VRAM (GPU)
===== SHADOW MATRIX DIAGNOSTICS =====
lightPos : <-12.340497, 103.09881, -14.431838>
center   : <-12.340497, 3.0988102, -14.431838>
halfExtent: 106.6906
manualView (Raymath.LookAt):
  M11..M14: -1.0f 0.0f 0.0f -12.34049702f
  M21..M24: 0.0f 0.0f 1.0f 14.43183804f
  M31..M34: 0.0f 1.0f 0.0f -103.0988083f
  M41..M44: 0.0f 0.0f 0.0f 1.0f
manualProj (Raymath.Ortho):
  M11..M14: 0.00937290024f 0.0f 0.0f 0.0f
  M21..M24: 0.0f 0.00937290024f 0.0f 0.0f
  M31..M34: 0.0f 0.0f -0.0100004999f -1.000099897f
  M41..M44: 0.0f 0.0f 0.0f 1.0f
manualLightViewProj (forward-pass matrix):
  M11..M14: -0.00937290024f 0.0f 0.0f -0.1156662479f
  M21..M24: 0.0f 0.0f 0.00937290024f 0.1352681816f
  M31..M34: 0.0f 0.0100004999f 0.0f 0.03093969822f
  M41..M44: 0.0f 0.0f 0.0f 1.0f
--- TEST POINT TRACE (center) ---
world    : <-12.340497, 3.0988102, -14.431838>
clip     : <0.11566625, -0.1443256, 0.029044839, 2.4000325>
ndc      : <0.04819362, -0.06013485, 0.012101852, 1>
uv+depth : x=0.5241 y=0.4699 z=0.5061
--- TEST POINT TRACE (center at far) ---
clip     : <0.7472556, -0.8679334, -0.111158945, 5.9320517>
ndc      : <0.12596917, -0.14631252, -0.018738702, 1>
uv+depth : x=0.5630 y=0.4268 z=0.4906
========================================

===== SHADOW MATRIX DIAGNOSTICS =====
lightPos : <-11.748976, 103.021576, -14.979185>
center   : <-11.748976, 3.021572, -14.979185>
halfExtent: 107.0853
manualView (Raymath.LookAt):
  M11..M14: -1.0f 0.0f 0.0f -11.74897575f
  M21..M24: 0.0f 0.0f 1.0f 14.9791851f
  M31..M34: 0.0f 1.0f 0.0f -103.0215759f
  M41..M44: 0.0f 0.0f 0.0f 1.0f
manualProj (Raymath.Ortho):
  M11..M14: 0.009338353761f 0.0f 0.0f 0.0f
  M21..M24: 0.0f 0.009338353761f 0.0f 0.0f
  M31..M34: 0.0f 0.0f -0.0100004999f -1.000099897f
  M41..M44: 0.0f 0.0f 0.0f 1.0f
manualLightViewProj (forward-pass matrix):
  M11..M14: -0.009338353761f 0.0f 0.0f -0.109716095f
  M21..M24: 0.0f 0.0f 0.009338353761f 0.1398809254f
  M31..M34: 0.0f 0.0100004999f 0.0f 0.03016734123f
  M41..M44: 0.0f 0.0f 0.0f 1.0f
--- TEST POINT TRACE (center) ---
world    : <-11.748976, 3.021572, -14.979185>
clip     : <0.109716095, -0.14979933, 0.02821651, 2.25983>
ndc      : <0.0485506, -0.066287875, 0.012486121, 1>
uv+depth : x=0.5243 y=0.4669 z=0.5062
--- TEST POINT TRACE (center at far) ---
clip     : <0.7257556, -0.88631666, -0.11157563, 5.1819253>
ndc      : <0.1400552, -0.17104003, -0.021531696, 1>
uv+depth : x=0.5700 y=0.4145 z=0.4892
========================================

===== SHADOW MATRIX DIAGNOSTICS =====
lightPos : <-11.129389, 102.942215, -15.530581>
center   : <-11.129389, 2.9422169, -15.530581>
halfExtent: 107.4494
manualView (Raymath.LookAt):
  M11..M14: -1.0f 0.0f 0.0f -11.12938881f
  M21..M24: 0.0f 0.0f 1.0f 15.53058147f
  M31..M34: 0.0f 1.0f 0.0f -102.942215f
  M41..M44: 0.0f 0.0f 0.0f 1.0f
manualProj (Raymath.Ortho):
  M11..M14: 0.009306703694f 0.0f 0.0f 0.0f
  M21..M24: 0.0f 0.009306703694f 0.0f 0.0f
  M31..M34: 0.0f 0.0f -0.0100004999f -1.000099897f
  M41..M44: 0.0f 0.0f 0.0f 1.0f
manualLightViewProj (forward-pass matrix):
  M11..M14: -0.009306703694f 0.0f 0.0f -0.1035779268f
  M21..M24: 0.0f 0.0f 0.009306703694f 0.1445385218f
  M31..M34: 0.0f 0.0100004999f 0.0f 0.02937376499f
  M41..M44: 0.0f 0.0f 0.0f 1.0f
--- TEST POINT TRACE (center) ---
world    : <-11.129389, 2.9422169, -15.530581>
clip     : <0.10357793, -0.15531358, 0.02738234, 2.121831>
ndc      : <0.048815355, -0.07319791, 0.012905053, 1>
uv+depth : x=0.5244 y=0.4634 z=0.5065
--- TEST POINT TRACE (center at far) ---
clip     : <0.70372903, -0.90482527, -0.112048544, 4.4342155>
ndc      : <0.1587043, -0.20405532, -0.02526908, 1>
uv+depth : x=0.5794 y=0.3980 z=0.4874
========================================

===== SHADOW MATRIX DIAGNOSTICS =====
lightPos : <-10.428148, 102.85326, -16.128914>
center   : <-10.428148, 2.8532543, -16.128914>
halfExtent: 107.8039
manualView (Raymath.LookAt):
  M11..M14: -1.0f 0.0f 0.0f -10.42814827f
  M21..M24: 0.0f 0.0f 1.0f 16.12891388f
  M31..M34: 0.0f 1.0f 0.0f -102.8532562f
  M41..M44: 0.0f 0.0f 0.0f 1.0f
manualProj (Raymath.Ortho):
  M11..M14: 0.009276102297f 0.0f 0.0f 0.0f
  M21..M24: 0.0f 0.009276102297f 0.0f 0.0f
  M31..M34: 0.0f 0.0f -0.0100004999f -1.000099897f
  M41..M44: 0.0f 0.0f 0.0f 1.0f
manualLightViewProj (forward-pass matrix):
  M11..M14: -0.009276102297f 0.0f 0.0f -0.09673257172f
  M21..M24: 0.0f 0.0f 0.009276102297f 0.1496134549f
  M31..M34: 0.0f 0.0100004999f 0.0f 0.02848410606f
  M41..M44: 0.0f 0.0f 0.0f 1.0f
--- TEST POINT TRACE (center) ---
world    : <-10.428148, 2.8532543, -16.128914>
clip     : <0.09673257, -0.1612972, 0.02646708, 1.9762092>
ndc      : <0.04894855, -0.0816195, 0.013392854, 1>
uv+depth : x=0.5245 y=0.4592 z=0.5067
--- TEST POINT TRACE (center at far) ---
clip     : <0.67934656, -0.9248981, -0.112633824, 3.6333077>
ndc      : <0.18697743, -0.25456092, -0.031000353, 1>
uv+depth : x=0.5935 y=0.3727 z=0.4845
========================================

===== SHADOW MATRIX DIAGNOSTICS =====
lightPos : <-9.661508, 102.756584, -16.75319>
center   : <-9.661508, 2.7565823, -16.75319>
halfExtent: 108.1250
manualView (Raymath.LookAt):
  M11..M14: -1.0f 0.0f 0.0f -9.661507607f
  M21..M24: 0.0f 0.0f 1.0f 16.75318909f
  M31..M34: 0.0f 1.0f 0.0f -102.7565842f
  M41..M44: 0.0f 0.0f 0.0f 1.0f
manualProj (Raymath.Ortho):
  M11..M14: 0.009248557501f 0.0f 0.0f 0.0f
  M21..M24: 0.0f 0.009248557501f 0.0f 0.0f
  M31..M34: 0.0f 0.0f -0.0100004999f -1.000099897f
  M41..M44: 0.0f 0.0f 0.0f 1.0f
manualLightViewProj (forward-pass matrix):
  M11..M14: -0.009248557501f 0.0f 0.0f -0.08935500681f
  M21..M24: 0.0f 0.0f 0.009248557501f 0.1549428254f
  M31..M34: 0.0f 0.0100004999f 0.0f 0.02751731873f
  M41..M44: 0.0f 0.0f 0.0f 1.0f
--- TEST POINT TRACE (center) ---
world    : <-9.661508, 2.7565823, -16.75319>
clip     : <0.08935501, -0.16754027, 0.02549441, 1.8294139>
ndc      : <0.048843518, -0.09158139, 0.013935835, 1>
uv+depth : x=0.5244 y=0.4542 z=0.5070
--- TEST POINT TRACE (center at far) ---
clip     : <0.6532826, -0.94583213, -0.11333092, 2.810494>
ndc      : <0.23244405, -0.3365359, -0.0403242, 1>
uv+depth : x=0.6162 y=0.3317 z=0.4798
========================================

===== SHADOW MATRIX DIAGNOSTICS =====
lightPos : <-8.830757, 102.652176, -17.396294>
center   : <-8.830757, 2.652172, -17.396294>
halfExtent: 108.3988
manualView (Raymath.LookAt):
  M11..M14: -1.0f 0.0f 0.0f -8.830757141f
  M21..M24: 0.0f 0.0f 1.0f 17.39629364f
  M31..M34: 0.0f 1.0f 0.0f -102.6521759f
  M41..M44: 0.0f 0.0f 0.0f 1.0f
manualProj (Raymath.Ortho):
  M11..M14: 0.009225190617f 0.0f 0.0f 0.0f
  M21..M24: 0.0f 0.009225190617f 0.0f 0.0f
  M31..M34: 0.0f 0.0f -0.0100004999f -1.000099897f
  M41..M44: 0.0f 0.0f 0.0f 1.0f
manualLightViewProj (forward-pass matrix):
  M11..M14: -0.009225190617f 0.0f 0.0f -0.08146541566f
  M21..M24: 0.0f 0.0f 0.009225190617f 0.1604841202f
  M31..M34: 0.0f 0.0100004999f 0.0f 0.02647316456f
  M41..M44: 0.0f 0.0f 0.0f 1.0f
--- TEST POINT TRACE (center) ---
world    : <-8.830757, 2.652172, -17.396294>
clip     : <0.081465416, -0.17397164, 0.024466794, 1.6844978>
ndc      : <0.04836184, -0.10327804, 0.0145246815, 1>
uv+depth : x=0.5242 y=0.4484 z=0.5073
--- TEST POINT TRACE (center at far) ---
clip     : <0.6256517, -0.96738994, -0.11415099, 1.9783146>
ndc      : <0.3162549, -0.488997, -0.057701133, 1>
uv+depth : x=0.6581 y=0.2555 z=0.4711
========================================

===== SHADOW MATRIX DIAGNOSTICS =====
lightPos : <-7.9290648, 102.53897, -18.057167>
center   : <-7.9290648, 2.538968, -18.057167>
halfExtent: 108.6139
manualView (Raymath.LookAt):
  M11..M14: -1.0f 0.0f 0.0f -7.929064751f
  M21..M24: 0.0f 0.0f 1.0f 18.05716705f
  M31..M34: 0.0f 1.0f 0.0f -102.5389709f
  M41..M44: 0.0f 0.0f 0.0f 1.0f
manualProj (Raymath.Ortho):
  M11..M14: 0.009206920862f 0.0f 0.0f 0.0f
  M21..M24: 0.0f 0.009206920862f 0.0f 0.0f
  M31..M34: 0.0f 0.0f -0.0100004999f -1.000099897f
  M41..M44: 0.0f 0.0f 0.0f 1.0f
manualLightViewProj (forward-pass matrix):
  M11..M14: -0.009206920862f 0.0f 0.0f -0.07300227135f
  M21..M24: 0.0f 0.0f 0.009206920862f 0.1662509143f
  M31..M34: 0.0f 0.0100004999f 0.0f 0.02534103394f
  M41..M44: 0.0f 0.0f 0.0f 1.0f
--- TEST POINT TRACE (center) ---
world    : <-7.9290648, 2.538968, -18.057167>
clip     : <0.07300227, -0.18058069, 0.023376077, 1.5433581>
ndc      : <0.047300927, -0.11700505, 0.015146243, 1>
uv+depth : x=0.5237 y=0.4415 z=0.5076
--- TEST POINT TRACE (center at far) ---
clip     : <0.5962833, -0.98953706, -0.11511463, 1.1418612>
ndc      : <0.52220297, -0.86660016, -0.10081316, 1>
uv+depth : x=0.7611 y=0.0667 z=0.4496
========================================

===== SHADOW MATRIX DIAGNOSTICS =====
lightPos : <-6.9846163, 102.42042, -18.710148>
center   : <-6.9846163, 2.4204187, -18.710148>
halfExtent: 108.7527
manualView (Raymath.LookAt):
  M11..M14: -1.0f 0.0f 0.0f -6.98461628f
  M21..M24: 0.0f 0.0f 1.0f 18.71014786f
  M31..M34: 0.0f 1.0f 0.0f -102.4204178f
  M41..M44: 0.0f 0.0f 0.0f 1.0f
manualProj (Raymath.Ortho):
  M11..M14: 0.009195170365f 0.0f 0.0f 0.0f
  M21..M24: 0.0f 0.009195170365f 0.0f 0.0f
  M31..M34: 0.0f 0.0f -0.0100004999f -1.000099897f
  M41..M44: 0.0f 0.0f 0.0f 1.0f
manualLightViewProj (forward-pass matrix):
  M11..M14: -0.009195170365f 0.0f 0.0f -0.0642247349f
  M21..M24: 0.0f 0.0f 0.009195170365f 0.1720429957f
  M31..M34: 0.0f 0.0100004999f 0.0f 0.02415549755f
  M41..M44: 0.0f 0.0f 0.0f 1.0f
--- TEST POINT TRACE (center) ---
world    : <-6.9846163, 2.4204187, -18.710148>
clip     : <0.064224735, -0.18711083, 0.022256162, 1.4130483>
ndc      : <0.045451198, -0.13241644, 0.015750462, 1>
uv+depth : x=0.5227 y=0.4338 z=0.5079
--- TEST POINT TRACE (center at far) ---
clip     : <0.56611264, -1.0114157, -0.116201654, 0.33692616>
ndc      : <1.6802276, -3.0018914, -0.34488758, 1>
uv+depth : x=1.3401 y=-1.0009 z=0.3276
========================================

===== SHADOW MATRIX DIAGNOSTICS =====
lightPos : <-5.990284, 102.29537, -19.356686>
center   : <-5.990284, 2.2953749, -19.356686>
halfExtent: 108.8087
manualView (Raymath.LookAt):
  M11..M14: -1.0f 0.0f 0.0f -5.990283966f
  M21..M24: 0.0f 0.0f 1.0f 19.35668564f
  M31..M34: 0.0f 1.0f 0.0f -102.295372f
  M41..M44: 0.0f 0.0f 0.0f 1.0f
manualProj (Raymath.Ortho):
  M11..M14: 0.009190440178f 0.0f 0.0f 0.0f
  M21..M24: 0.0f 0.009190440178f 0.0f 0.0f
  M31..M34: 0.0f 0.0f -0.0100004999f -1.000099897f
  M41..M44: 0.0f 0.0f 0.0f 1.0f
manualLightViewProj (forward-pass matrix):
  M11..M14: -0.009190440178f 0.0f 0.0f -0.05505334586f
  M21..M24: 0.0f 0.0f 0.009190440178f 0.1778964549f
  M31..M34: 0.0f 0.0100004999f 0.0f 0.0229049921f
  M41..M44: 0.0f 0.0f 0.0f 1.0f
--- TEST POINT TRACE (center) ---
world    : <-5.990284, 2.2953749, -19.356686>
clip     : <0.055053346, -0.19357653, 0.021095505, 1.2947595>
ndc      : <0.042520132, -0.14950772, 0.016292991, 1>
uv+depth : x=0.5213 y=0.4252 z=0.5081
--- TEST POINT TRACE (center at far) ---
clip     : <0.53489053, -1.0330752, -0.11743151, -0.43507814>
ndc      : <-1.2294126, 2.374459, 0.269909, 1>
uv+depth : x=-0.1147 y=1.6872 z=0.6350
========================================

===== SHADOW MATRIX DIAGNOSTICS =====
lightPos : <-4.9478407, 102.163826, -19.99187>
center   : <-4.9478407, 2.163828, -19.99187>
halfExtent: 108.7736
manualView (Raymath.LookAt):
  M11..M14: -1.0f 0.0f 0.0f -4.947840691f
  M21..M24: 0.0f 0.0f 1.0f 19.99187088f
  M31..M34: 0.0f 1.0f 0.0f -102.163826f
  M41..M44: 0.0f 0.0f 0.0f 1.0f
manualProj (Raymath.Ortho):
  M11..M14: 0.009193411097f 0.0f 0.0f 0.0f
  M21..M24: 0.0f 0.009193411097f 0.0f 0.0f
  M31..M34: 0.0f 0.0f -0.0100004999f -1.000099897f
  M41..M44: 0.0f 0.0f 0.0f 1.0f
manualLightViewProj (forward-pass matrix):
  M11..M14: -0.009193411097f 0.0f 0.0f -0.04548753425f
  M21..M24: 0.0f 0.0f 0.009193411097f 0.1837934852f
  M31..M34: 0.0f 0.0100004999f 0.0f 0.02158939838f
  M41..M44: 0.0f 0.0f 0.0f 1.0f
--- TEST POINT TRACE (center) ---
world    : <-4.9478407, 2.163828, -19.99187>
clip     : <0.045487534, -0.1999287, 0.019892959, 1.1911501>
ndc      : <0.038187914, -0.1678451, 0.016700633, 1>
uv+depth : x=0.5191 y=0.4161 z=0.5084
--- TEST POINT TRACE (center at far) ---
clip     : <0.5026418, -1.0543517, -0.11881432, -1.1644969>
ndc      : <-0.4316386, 0.9054139, 0.102030605, 1>
uv+depth : x=0.2842 y=0.9527 z=0.5510
========================================

===== SHADOW MATRIX DIAGNOSTICS =====
lightPos : <-3.8653512, 102.026566, -20.607685>
center   : <-3.8653512, 2.0265656, -20.607685>
halfExtent: 108.6408
manualView (Raymath.LookAt):
  M11..M14: -1.0f 0.0f 0.0f -3.8653512f
  M21..M24: 0.0f 0.0f 1.0f 20.60768509f
  M31..M34: 0.0f 1.0f 0.0f -102.0265656f
  M41..M44: 0.0f 0.0f 0.0f 1.0f
manualProj (Raymath.Ortho):
  M11..M14: 0.00920464471f 0.0f 0.0f 0.0f
  M21..M24: 0.0f 0.00920464471f 0.0f 0.0f
  M31..M34: 0.0f 0.0f -0.0100004999f -1.000099897f
  M41..M44: 0.0f 0.0f 0.0f 1.0f
manualLightViewProj (forward-pass matrix):
  M11..M14: -0.00920464471f 0.0f 0.0f -0.03557918593f
  M21..M24: 0.0f 0.0f 0.00920464471f 0.1896864176f
  M31..M34: 0.0f 0.0100004999f 0.0f 0.02021670341f
  M41..M44: 0.0f 0.0f 0.0f 1.0f
--- TEST POINT TRACE (center) ---
world    : <-3.8653512, 2.0265656, -20.607685>
clip     : <0.035579186, -0.20608716, 0.018653816, 1.1053185>
ndc      : <0.03218908, -0.18645047, 0.016876416, 1>
uv+depth : x=0.5161 y=0.4068 z=0.5084
--- TEST POINT TRACE (center at far) ---
clip     : <0.46956408, -1.0749782, -0.120351486, -1.838278>
ndc      : <-0.25543693, 0.58477455, 0.06546968, 1>
uv+depth : x=0.3723 y=0.7924 z=0.5327
========================================

===== SHADOW MATRIX DIAGNOSTICS =====
lightPos : <-2.7441492, 101.883484, -21.200914>
center   : <-2.7441492, 1.8834839, -21.200914>
halfExtent: 108.4052
manualView (Raymath.LookAt):
  M11..M14: -1.0f 0.0f 0.0f -2.744149208f
  M21..M24: 0.0f 0.0f 1.0f 21.20091438f
  M31..M34: 0.0f 1.0f 0.0f -101.8834839f
  M41..M44: 0.0f 0.0f 0.0f 1.0f
manualProj (Raymath.Ortho):
  M11..M14: 0.009224647656f 0.0f 0.0f 0.0f
  M21..M24: 0.0f 0.009224647656f 0.0f 0.0f
  M31..M34: 0.0f 0.0f -0.0100004999f -1.000099897f
  M41..M44: 0.0f 0.0f 0.0f 1.0f
manualLightViewProj (forward-pass matrix):
  M11..M14: -0.009224647656f 0.0f 0.0f -0.02531380951f
  M21..M24: 0.0f 0.0f 0.009224647656f 0.1955709606f
  M31..M34: 0.0f 0.0100004999f 0.0f 0.01878583431f
  M41..M44: 0.0f 0.0f 0.0f 1.0f
--- TEST POINT TRACE (center) ---
world    : <-2.7441492, 1.8834839, -21.200914>
clip     : <0.02531381, -0.21201974, 0.017374475, 1.0395428>
ndc      : <0.024350906, -0.2039548, 0.016713573, 1>
uv+depth : x=0.5122 y=0.3980 z=0.5084
--- TEST POINT TRACE (center at far) ---
clip     : <0.43562743, -1.0948471, -0.12205403, -2.448889>
ndc      : <-0.17788778, 0.4470791, 0.049840573, 1>
uv+depth : x=0.4111 y=0.7235 z=0.5249
========================================

===== SHADOW MATRIX DIAGNOSTICS =====
lightPos : <-1.5400672, 101.7284, -21.789988>
center   : <-1.5400672, 1.7284021, -21.789988>
halfExtent: 108.0465
manualView (Raymath.LookAt):
  M11..M14: -1.0f 0.0f 0.0f -1.540067196f
  M21..M24: 0.0f 0.0f 1.0f 21.78998756f
  M31..M34: 0.0f 1.0f 0.0f -101.7284012f
  M41..M44: 0.0f 0.0f 0.0f 1.0f
manualProj (Raymath.Ortho):
  M11..M14: 0.009255270474f 0.0f 0.0f 0.0f
  M21..M24: 0.0f 0.009255270474f 0.0f 0.0f
  M31..M34: 0.0f 0.0f -0.0100004999f -1.000099897f
  M41..M44: 0.0f 0.0f 0.0f 1.0f
manualLightViewProj (forward-pass matrix):
  M11..M14: -0.009255270474f 0.0f 0.0f -0.01425373834f
  M21..M24: 0.0f 0.0f 0.009255270474f 0.2016722262f
  M31..M34: 0.0f 0.0100004999f 0.0f 0.01723492146f
  M41..M44: 0.0f 0.0f 0.0f 1.0f
--- TEST POINT TRACE (center) ---
world    : <-1.5400672, 1.7284021, -21.789988>
clip     : <0.014253738, -0.21791077, 0.015996829, 0.99497366>
ndc      : <0.0143257445, -0.21901159, 0.01607764, 1>
uv+depth : x=0.5072 y=0.3905 z=0.5080
--- TEST POINT TRACE (center at far) ---
clip     : <0.3994227, -1.1145741, -0.124013916, -3.0079875>
ndc      : <-0.13278736, 0.37053815, 0.0412282, 1>
uv+depth : x=0.4336 y=0.6853 z=0.5206
========================================

===== SHADOW MATRIX DIAGNOSTICS =====
lightPos : <-0.3504672, 101.57395, -22.325195>
center   : <-0.3504672, 1.5739498, -22.325195>
halfExtent: 107.5896
manualView (Raymath.LookAt):
  M11..M14: -1.0f 0.0f 0.0f -0.350467205f
  M21..M24: 0.0f 0.0f 1.0f 22.32519531f
  M31..M34: 0.0f 1.0f 0.0f -101.5739517f
  M41..M44: 0.0f 0.0f 0.0f 1.0f
manualProj (Raymath.Ortho):
  M11..M14: 0.009294576943f 0.0f 0.0f 0.0f
  M21..M24: 0.0f 0.009294576943f 0.0f 0.0f
  M31..M34: 0.0f 0.0f -0.0100004999f -1.000099897f
  M41..M44: 0.0f 0.0f 0.0f 1.0f
manualLightViewProj (forward-pass matrix):
  M11..M14: -0.009294576943f 0.0f 0.0f -0.003257444361f
  M21..M24: 0.0f 0.0f 0.009294576943f 0.2075032443f
  M31..M34: 0.0f 0.0100004999f 0.0f 0.0156904459f
  M41..M44: 0.0f 0.0f 0.0f 1.0f
--- TEST POINT TRACE (center) ---
world    : <-0.3504672, 1.5739498, -22.325195>
clip     : <0.0032574444, -0.22326311, 0.014629197, 0.97744906>
ndc      : <0.0033325977, -0.22841407, 0.0149667105, 1>
uv+depth : x=0.5017 y=0.3858 z=0.5075
--- TEST POINT TRACE (center at far) ---
clip     : <0.36377838, -1.1324995, -0.12608023, -3.4641266>
ndc      : <-0.10501301, 0.3269221, 0.036395963, 1>
uv+depth : x=0.4475 y=0.6635 z=0.5182
========================================

===== SHADOW MATRIX DIAGNOSTICS =====
lightPos : <0.86843204, 101.41397, -22.827578>
center   : <0.86843204, 1.4139738, -22.827578>
halfExtent: 107.0203
manualView (Raymath.LookAt):
  M11..M14: -1.0f 0.0f 0.0f 0.868432045f
  M21..M24: 0.0f 0.0f 1.0f 22.82757759f
  M31..M34: 0.0f 1.0f 0.0f -101.4139709f
  M41..M44: 0.0f 0.0f 0.0f 1.0f
manualProj (Raymath.Ortho):
  M11..M14: 0.00934402179f 0.0f 0.0f 0.0f
  M21..M24: 0.0f 0.00934402179f 0.0f 0.0f
  M31..M34: 0.0f 0.0f -0.0100004999f -1.000099897f
  M41..M44: 0.0f 0.0f 0.0f 1.0f
manualLightViewProj (forward-pass matrix):
  M11..M14: -0.00934402179f 0.0f 0.0f 0.008114648052f
  M21..M24: 0.0f 0.0f 0.00934402179f 0.2133013755f
  M31..M34: 0.0f 0.0100004999f 0.0f 0.01409053802f
  M41..M44: 0.0f 0.0f 0.0f 1.0f
--- TEST POINT TRACE (center) ---
world    : <0.86843204, 1.4139738, -22.827578>
clip     : <-0.008114648, -0.22828719, 0.013212202, 0.9869967>
ndc      : <-0.0082215555, -0.23129478, 0.013386267, 1>
uv+depth : x=0.4959 y=0.3844 z=0.5067
--- TEST POINT TRACE (center at far) ---
clip     : <0.32726234, -1.1493249, -0.12834194, -3.8333201>
ndc      : <-0.08537308, 0.29982492, 0.033480622, 1>
uv+depth : x=0.4573 y=0.6499 z=0.5167
========================================

===== SHADOW MATRIX DIAGNOSTICS =====
lightPos : <2.1533127, 101.24311, -23.308811>
center   : <2.1533127, 1.2431078, -23.308811>
halfExtent: 106.3137
manualView (Raymath.LookAt):
  M11..M14: -1.0f 0.0f 0.0f 2.153312683f
  M21..M24: 0.0f 0.0f 1.0f 23.30881119f
  M31..M34: 0.0f 1.0f 0.0f -101.2431107f
  M41..M44: 0.0f 0.0f 0.0f 1.0f
manualProj (Raymath.Ortho):
  M11..M14: 0.009406126104f 0.0f 0.0f 0.0f
  M21..M24: 0.0f 0.009406126104f 0.0f 0.0f
  M31..M34: 0.0f 0.0f -0.0100004999f -1.000099897f
  M41..M44: 0.0f 0.0f 0.0f 1.0f
manualLightViewProj (forward-pass matrix):
  M11..M14: -0.009406126104f 0.0f 0.0f 0.02025433071f
  M21..M24: 0.0f 0.0f 0.009406126104f 0.2192456126f
  M31..M34: 0.0f 0.0100004999f 0.0f 0.01238179207f
  M41..M44: 0.0f 0.0f 0.0f 1.0f
--- TEST POINT TRACE (center) ---
world    : <2.1533127, 1.2431078, -23.308811>
clip     : <-0.02025433, -0.23309976, 0.0116928285, 1.027555>
ndc      : <-0.019711189, -0.22684895, 0.011379273, 1>
uv+depth : x=0.4901 y=0.3866 z=0.5057
--- TEST POINT TRACE (center at far) ---
clip     : <0.28864673, -1.1654398, -0.13089462, -4.1154957>
ndc      : <-0.07013656, 0.28318334, 0.03180531, 1>
uv+depth : x=0.4649 y=0.6416 z=0.5159
========================================

===== SHADOW MATRIX DIAGNOSTICS =====
lightPos : <3.4228096, 101.07217, -23.737188>
center   : <3.4228096, 1.0721684, -23.737188>
halfExtent: 105.5121
manualView (Raymath.LookAt):
  M11..M14: -1.0f 0.0f 0.0f 3.422809601f
  M21..M24: 0.0f 0.0f 1.0f 23.73718834f
  M31..M34: 0.0f 1.0f 0.0f -101.0721664f
  M41..M44: 0.0f 0.0f 0.0f 1.0f
manualProj (Raymath.Ortho):
  M11..M14: 0.009477581829f 0.0f 0.0f 0.0f
  M21..M24: 0.0f 0.009477581829f 0.0f 0.0f
  M31..M34: 0.0f 0.0f -0.0100004999f -1.000099897f
  M41..M44: 0.0f 0.0f 0.0f 1.0f
manualLightViewProj (forward-pass matrix):
  M11..M14: -0.009477581829f 0.0f 0.0f 0.0324399583f
  M21..M24: 0.0f 0.0f 0.009477581829f 0.2249711454f
  M31..M34: 0.0f 0.0100004999f 0.0f 0.01067233086f
  M41..M44: 0.0f 0.0f 0.0f 1.0f
--- TEST POINT TRACE (center) ---
world    : <3.4228096, 1.0721684, -23.737188>
clip     : <-0.03243996, -0.23738375, 0.010161563, 1.0989116>
ndc      : <-0.02952008, -0.21601714, 0.009246933, 1>
uv+depth : x=0.4852 y=0.3920 z=0.5046
--- TEST POINT TRACE (center at far) ---
clip     : <0.25024235, -1.1797861, -0.13358915, -4.2866063>
ndc      : <-0.05837773, 0.27522615, 0.031164315, 1>
uv+depth : x=0.4708 y=0.6376 z=0.5156
========================================

===== SHADOW MATRIX DIAGNOSTICS =====
lightPos : <4.713584, 100.89582, -24.126453>
center   : <4.713584, 0.89581966, -24.126453>
halfExtent: 104.5953
manualView (Raymath.LookAt):
  M11..M14: -1.0f 0.0f 0.0f 4.713583946f
  M21..M24: 0.0f 0.0f 1.0f 24.1264534f
  M31..M34: 0.0f 1.0f 0.0f -100.8958206f
  M41..M44: 0.0f 0.0f 0.0f 1.0f
manualProj (Raymath.Ortho):
  M11..M14: 0.009560660459f 0.0f 0.0f 0.0f
  M21..M24: 0.0f 0.009560660459f 0.0f 0.0f
  M31..M34: 0.0f 0.0f -0.0100004999f -1.000099897f
  M41..M44: 0.0f 0.0f 0.0f 1.0f
manualLightViewProj (forward-pass matrix):
  M11..M14: -0.009560660459f 0.0f 0.0f 0.04506497458f
  M21..M24: 0.0f 0.0f 0.009560660459f 0.2306648344f
  M31..M34: 0.0f 0.0100004999f 0.0f 0.008908748627f
  M41..M44: 0.0f 0.0f 0.0f 1.0f
--- TEST POINT TRACE (center) ---
world    : <4.713584, 0.89581966, -24.126453>
clip     : <-0.045064975, -0.24127659, 0.008564628, 1.2041152>
ndc      : <-0.0374258, -0.20037667, 0.007112798, 1>
uv+depth : x=0.4813 y=0.3998 z=0.5036
--- TEST POINT TRACE (center at far) ---
clip     : <0.21080577, -1.1928211, -0.13651913, -4.3499746>
ndc      : <-0.04846138, 0.27421334, 0.03138389, 1>
uv+depth : x=0.4758 y=0.6371 z=0.5157
========================================

===== SHADOW MATRIX DIAGNOSTICS =====
lightPos : <6.0231504, 100.71408, -24.475101>
center   : <6.0231504, 0.7140808, -24.475101>
halfExtent: 103.5632
manualView (Raymath.LookAt):
  M11..M14: -1.0f 0.0f 0.0f 6.023150444f
  M21..M24: 0.0f 0.0f 1.0f 24.47510147f
  M31..M34: 0.0f 1.0f 0.0f -100.7140808f
  M41..M44: 0.0f 0.0f 0.0f 1.0f
manualProj (Raymath.Ortho):
  M11..M14: 0.00965594314f 0.0f 0.0f 0.0f
  M21..M24: 0.0f 0.00965594314f 0.0f 0.0f
  M31..M34: 0.0f 0.0f -0.0100004999f -1.000099897f
  M41..M44: 0.0f 0.0f 0.0f 1.0f
manualLightViewProj (forward-pass matrix):
  M11..M14: -0.00965594314f 0.0f 0.0f 0.05815919861f
  M21..M24: 0.0f 0.0f 0.00965594314f 0.2363301814f
  M31..M34: 0.0f 0.0100004999f 0.0f 0.007091283798f
  M41..M44: 0.0f 0.0f 0.0f 1.0f
--- TEST POINT TRACE (center) ---
world    : <6.0231504, 0.7140808, -24.475101>
clip     : <-0.0581592, -0.24476326, 0.0068951235, 1.3455005>
ndc      : <-0.043224957, -0.18191242, 0.005124579, 1>
uv+depth : x=0.4784 y=0.4090 z=0.5026
--- TEST POINT TRACE (center at far) ---
clip     : <0.17025767, -1.2044946, -0.13970079, -4.2987776>
ndc      : <-0.03960607, 0.28019467, 0.032497793, 1>
uv+depth : x=0.4802 y=0.6401 z=0.5162
========================================

===== SHADOW MATRIX DIAGNOSTICS =====
lightPos : <7.3491936, 100.526955, -24.781914>
center   : <7.3491936, 0.5269556, -24.781914>
halfExtent: 102.4162
manualView (Raymath.LookAt):
  M11..M14: -1.0f 0.0f 0.0f 7.349193573f
  M21..M24: 0.0f 0.0f 1.0f 24.78191376f
  M31..M34: 0.0f 1.0f 0.0f -100.5269547f
  M41..M44: 0.0f 0.0f 0.0f 1.0f
manualProj (Raymath.Ortho):
  M11..M14: 0.009764079005f 0.0f 0.0f 0.0f
  M21..M24: 0.0f 0.009764079005f 0.0f 0.0f
